2 3 4 5 6 7 8 9 10 
1 3 4 5 6 7 8 9 10 
1 2 10 4 11 12 13 14 15 
1 2 3 5 11 12 13 14 15 
1 2 4 6 11 12 13 14 15 
1 2 5 7 11 12 13 14 15 
1 2 6 8 11 12 13 14 15 
1 2 7 9 11 12 13 14 15 
1 2 8 10 11 12 13 14 15 
1 2 3 9 11 12 13 14 15 
3 4 5 6 7 8 9 10 16 
3 4 5 6 7 8 9 10 16 
3 4 5 6 7 8 9 10 16 
3 4 5 6 7 8 9 10 16 
3 4 5 6 7 8 9 10 16 
11 12 13 14 15 17 18 19 20 
16 20 18 19 21 22 23 24 25 
16 17 19 20 21 22 23 24 25 
16 18 20 17 21 22 23 24 25 
16 17 19 18 21 22 23 24 25 
17 18 19 20 22 23 24 25 26 
17 18 19 20 21 23 24 25 26 
17 18 19 20 21 22 24 25 26 
17 18 19 20 21 22 23 25 26 
17 18 19 20 21 22 23 24 26 
21 22 23 24 25 27 28 29 30 
26 30 28 29 31 32 33 34 35 
26 27 29 30 31 32 33 34 35 
26 28 30 27 31 32 33 34 35 
26 27 29 28 31 32 33 34 35 
27 28 29 30 32 33 34 35 36 
27 28 29 30 31 33 34 35 36 
27 28 29 30 31 32 34 35 36 
27 28 29 30 31 32 33 35 36 
27 28 29 30 31 32 33 34 36 
31 32 33 34 35 37 38 39 40 
36 40 38 39 41 42 43 44 45 
36 37 39 40 41 42 43 44 45 
36 38 40 37 41 42 43 44 45 
36 37 39 38 41 42 43 44 45 
37 38 39 40 42 43 44 45 46 
37 38 39 40 41 43 44 45 46 
37 38 39 40 41 42 44 45 46 
37 38 39 40 41 42 43 45 46 
37 38 39 40 41 42 43 44 46 
41 42 43 44 45 47 48 49 50 
46 50 48 49 51 52 53 54 55 
46 47 49 50 51 52 53 54 55 
46 48 50 47 51 52 53 54 55 
46 47 49 48 51 52 53 54 55 
47 48 49 50 52 53 54 55 56 
47 48 49 50 51 53 54 55 56 
47 48 49 50 51 52 54 55 56 
47 48 49 50 51 52 53 55 56 
47 48 49 50 51 52 53 54 56 
51 52 53 54 55 57 58 59 60 
56 60 58 59 61 62 63 64 65 
56 57 59 60 61 62 63 64 65 
56 58 60 57 61 62 63 64 65 
56 57 59 58 61 62 63 64 65 
57 58 59 60 62 63 64 65 66 
57 58 59 60 61 63 64 65 66 
57 58 59 60 61 62 64 65 66 
57 58 59 60 61 62 63 65 66 
57 58 59 60 61 62 63 64 66 
61 62 63 64 65 67 68 69 70 
66 70 68 69 71 72 73 74 75 
66 67 69 70 71 72 73 74 75 
66 68 70 67 71 72 73 74 75 
66 67 69 68 71 72 73 74 75 
67 68 69 70 72 73 74 75 76 
67 68 69 70 71 73 74 75 76 
67 68 69 70 71 72 74 75 76
67 68 69 70 71 72 73 75 76 
67 68 69 70 71 72 73 74 76 
71 72 73 74 75 77 78 79 80 
76 80 78 79 81 82 83 84 85 
76 77 79 80 81 82 83 84 85 
76 78 80 77 81 82 83 84 85 
76 77 79 78 81 82 83 84 85 
77 78 79 80 82 83 84 85 86 
77 78 79 80 81 83 84 85 86 
77 78 79 80 81 82 84 85 86 
77 78 79 80 81 82 83 85 86 
77 78 79 80 81 82 83 84 86 
81 82 83 84 85 87 88 89 90 
86 90 88 89 91 92 93 94 95 
86 87 89 90 91 92 93 94 95 
86 88 90 87 91 92 93 94 95 
86 87 89 88 91 92 93 94 95 
87 88 89 90 96 97 98 99 100 
87 88 89 90 96 97 98 99 100 
87 88 89 90 96 97 98 99 100 
87 88 89 90 96 97 98 99 100 
87 88 89 90 96 97 98 99 100 
91 92 93 94 95 97 98 99 100 
91 92 93 94 95 96 98 99 100 
91 92 93 94 95 96 97 99 100 
91 92 93 94 95 96 97 98 100 
91 92 93 94 95 96 97 98 99 
